(1309, 9159)
(1310, 9160)
(13240, 9454)
(13240, 19162)
(24146, 14183)
(24147, 14184)
(24148, 14185)
(24897, 1631)
(24897, 2717)
(24897, 2802)
(24898, 1632)
(24898, 2718)
(24899, 1633)
(24900, 1634)
(26932, 1631)
(26932, 2717)
(26932, 2802)
(27846, 16705)
(27847, 16706)
(27848, 16707)
(31402, 12530)
(33038, 6861)
(33038, 13472)
(33039, 6862)
(33040, 6863)
(34409, 1630)
(34410, 1631)
(34410, 2717)
(34410, 2802)
(34411, 2803)
(34467, 2201)
(35473, 14183)
(35474, 14184)
(35475, 14185)
(35476, 14186)
(48804, 333)
(48804, 3878)
(48804, 19714)
(48805, 3879)
(48805, 19715)
(49746, 10853)
(51790, 3217)
(51790, 8334)
(52533, 11850)
(52533, 19321)
(54381, 13704)
(57067, 3217)
(57067, 8334)
(57068, 3218)
(63864, 20787)
(63865, 5540)
(63865, 20788)
(71240, 3217)
(71240, 8334)
(75115, 7700)
(75329, 2201)
(75838, 9454)
(75838, 19162)
(77952, 3786)
(80688, 10853)
(81322, 14266)
(81323, 14267)
(83457, 4206)
(83458, 4207)
(83459, 4208)
(83459, 12918)
(83460, 12919)
(86837, 9159)
(86838, 9160)
(88598, 87)
(88599, 88)
(89890, 2671)
(89891, 2672)
(90940, 2044)
(97406, 1483)
(97406, 7855)
(97407, 7856)
(97408, 7857)
(97409, 7858)
(98687, 2201)
(99828, 14265)
(99829, 14266)
(101051, 4279)
(104837, 13471)
(104838, 6861)
(104838, 13472)
(107398, 2044)
(109504, 18031)
(112902, 333)
(112902, 3878)
(112902, 19714)
(112903, 3879)
(112903, 19715)
(114991, 2551)
(114991, 14963)
(115849, 88)
(116296, 2551)
(116296, 14963)
(116297, 14964)
(116298, 14965)
(116299, 14966)
(116876, 16704)
(116877, 16705)
(131798, 4279)
(140229, 5540)
(140229, 20788)
(142189, 20786)
(142190, 20787)
(142191, 5540)
(142191, 20788)
(147273, 11850)
(147273, 19321)
(149757, 13704)
(155291, 16705)
(160498, 212)
(160499, 213)
(160500, 214)
(160501, 215)
(166753, 7700)
(173798, 12917)
(173799, 4208)
(173799, 12918)
(173800, 4209)
(174426, 10853)
(174427, 10854)
(180206, 2550)
(180207, 2551)
(180207, 14963)
(180208, 14964)
(180209, 14965)
(181043, 11850)
(181043, 19321)
(181188, 2671)
(181189, 2672)
(184392, 161)
(184393, 162)
(188093, 14184)
(190033, 1483)
(190033, 7855)
(190034, 1484)
(190035, 1485)
(194439, 13704)
(197661, 9454)
(197661, 19162)
(199363, 333)
(199363, 3878)
(199363, 19714)
(199992, 4279)
(6688, 6412)
(6689, 1555)
(6689, 6411)
(6689, 10094)
(6690, 1554)
(6690, 10093)
(13240, 14601)
(13241, 14600)
(13242, 14599)
(13243, 14598)
(19590, 2893)
(19590, 18681)
(22447, 998)
(22448, 997)
(22448, 3712)
(22449, 996)
(22449, 3711)
(24147, 11613)
(24147, 16553)
(27845, 9564)
(27846, 7403)
(27846, 9563)
(34075, 2628)
(34075, 12413)
(34467, 1215)
(34467, 20740)
(35474, 11613)
(35474, 16553)
(38204, 7906)
(38205, 7905)
(39916, 3545)
(39917, 3544)
(39918, 3543)
(39918, 10794)
(39919, 10793)
(42052, 3544)
(42053, 3543)
(42053, 10794)
(49745, 5068)
(49746, 5067)
(49746, 11969)
(51790, 4639)
(52533, 19842)
(52534, 19841)
(52535, 19840)
(54381, 11756)
(54381, 15618)
(54546, 7934)
(54547, 2085)
(54547, 7933)
(54547, 19391)
(54548, 19390)
(56671, 112)
(56671, 4162)
(56671, 13645)
(56672, 111)
(56672, 4161)
(56673, 110)
(56674, 109)
(56675, 108)
(57067, 4639)
(57068, 4638)
(63865, 20633)
(71240, 4639)
(74680, 2628)
(74680, 12413)
(74681, 2627)
(75115, 13435)
(75329, 1215)
(75329, 20740)
(75330, 1214)
(75331, 1213)
(75332, 1212)
(75838, 14601)
(78311, 14310)
(78312, 14309)
(78313, 4068)
(78313, 14308)
(80381, 2085)
(80381, 7933)
(80381, 19391)
(80687, 5068)
(80688, 5067)
(80688, 11969)
(80689, 11968)
(81322, 5880)
(81323, 5879)
(88599, 8526)
(89890, 13222)
(89891, 13221)
(90938, 4721)
(90939, 4720)
(90940, 4719)
(90941, 4718)
(98686, 1216)
(98687, 1215)
(98687, 20740)
(99829, 5880)
(101051, 7802)
(101051, 18953)
(101052, 18952)
(101053, 18951)
(107398, 4719)
(114991, 19522)
(115849, 8526)
(116296, 19522)
(116297, 19521)
(116298, 19520)
(116877, 7403)
(116877, 9563)
(124003, 905)
(131797, 7803)
(131798, 7802)
(131798, 18953)
(135931, 112)
(135931, 4162)
(135931, 13645)
(135932, 111)
(135932, 4161)
(136235, 4595)
(140228, 20634)
(140229, 20633)
(142191, 20633)
(147273, 19842)
(149756, 11757)
(149757, 11756)
(149757, 15618)
(149758, 11755)
(155290, 7404)
(155291, 7403)
(155291, 9563)
(164961, 13561)
(166753, 13435)
(166754, 13434)
(174162, 6412)
(174163, 1555)
(174163, 6411)
(174163, 10094)
(174164, 6410)
(174424, 5069)
(174425, 5068)
(174426, 5067)
(174426, 11969)
(180207, 19522)
(180208, 19521)
(180209, 19520)
(181043, 19842)
(181188, 13222)
(181189, 13221)
(181928, 2085)
(181928, 7933)
(181928, 19391)
(184676, 2893)
(184676, 18681)
(186509, 997)
(186509, 3712)
(188093, 11613)
(188093, 16553)
(188094, 11612)
(190162, 112)
(190162, 4162)
(190162, 13645)
(190163, 111)
(190163, 4161)
(190164, 4160)
(190165, 4159)
(194438, 11757)
(194439, 11756)
(194439, 15618)
(195761, 1555)
(195761, 6411)
(195761, 10094)
(195762, 1554)
(195762, 10093)
(195977, 14309)
(195978, 4068)
(195978, 14308)
(195979, 4067)
(195979, 14307)
(195980, 4066)
(197661, 14601)
(197662, 14600)
(198892, 998)
(198893, 997)
(198893, 3712)
(199991, 7803)
(199992, 7802)
(199992, 18953)
(199993, 7801)
